Lat: 52.084683 Long: 5.168671
Lat: 52.08461917227598, Long: 5.168584982238076